460020000160763,357747055793116
460020000262437,864789027374118
460020000339146,869783013453700
460020000350592,866647010200476
460020000357583,863082010284788
460020000362600,864063011341263
460020000557227,862970020541976
460020000559516,861103021236757
460020000560023,359681050207905
460020000656911,864426020043610
460020000965860,861294020000573
460020001045212,353771057456757
460020001046180,864264025880730
460020001183501,868998010279764
460020001269450,865983020930161
460020001320490,863510020042085
460020001361473,353405063080646
460020001366078,863223025844915
460020001466338,865013024614601
460020001876250,862066020075881
460020001915344,863077024601852
460020001930102,863583027008540
460020002040833,355795055667535
460020002041820,864395022576457
460020002300142,865085024142072
460020002647909,864512010227394
460020002994520,863344020824809
460020003152872,864264020176159
460020003266463,868998011078959
460020003351936,357522051825786
460020003399663,863080020290076
460020003555767,355201300122830
460020003628615,864573011224707
460020003742700,860146020444220
460020003846285,868033016263065
460020003854605,359850053151713
460020003855807,864305020058044
460020003858261,863675020438854
460020003881136,864805024892447
460020004035088,860497020489438
460020004041006,865983021494324
460020004049767,863592020104859
460020004316593,460020004316593
460020004360651,865430010185539
460020004378794,355584056557154
460020004381283,353401063166154
460020004384756,862409015941214
460020004481390,863521022298377
460020004484543,865454028160300
460020004484543,865454028160300
460020004596712,355899140299997
460020004630130,863548020814749
460020004693020,864201029205415
460020004829340,861028027064251
460020004911118,861320230269607
460020004915533,864783021139817
460020004927196,863863020323686
460020004945312,863583028348986
460020004945718,868844012312650
460020004947174,865198028375844
460020004951647,863484020795029
460020004951799,861411012163082
460020004951821,355042901746498
460020004957555,351910055594688
460020004984905,869691000106597
460020005012271,358180054449234
460020005033464,357357054519403
460020005330402,869189017760571
460020005358656,860845020440597
460020005437640,868412010283248
460020005451775,863388020675505
460020005455904,353581050748377
460020005456008,863598020145750
460020005507415,358635059526930
460020005513874,862968020720475
460020005537262,863120022156089
460020005546846,866124012070489
460020005546914,863994019417922
460020005547220,355799050874781
460020005551058,354286051233044
460020005553853,862348020375648
460020005562671,865899027877603
460020006008754,353285064548167
460020006269250,865872011077274
460020006335306,357504059011155
460020006371329,869460010705230
460020006381343,866723018075085
460020006446909,868536000392997
460020006456461,864182028335488
460020006456733,869630016823910
460020006460619,354356057082099
460020007226593,865658021202964
460020007245052,356222050449024
460020007260937,868793010015239
460020007342254,862500310006552
460020007405423,866162018346776
460020007418625,863343021409990
460020007437876,354853067092100
460020007464851,862843021203252
460020007471892,356524050543361
460020007480914,864276021084216
460020007505768,863738029497501
460020007526411,865881028869920
460020007528754,865479020589404
460020008322728,860938020079356
460020008447017,354833056395177
460020008483458,862620029698471
460020008517052,864981028347918
460020008534285,862156020022817
460020008555011,868140012667635
460020008565060,355579058179056
460020008569442,356131055479128
460020008583427,865418023163510
460020008583562,359930041925624
460020008586492,865881025214518
460020008592687,866330022431054
460020009034043,865062010258816
460020009103797,867637011394120
460020009114975,862374027529706
460020009201475,357442055163615
460020009356859,865119013555174
460020009438605,863323021363371
460020009444597,860989029153130
460020009468002,864485021363138
460020009481405,868793010088426
460020009483023,865621000186996
460020009484534,864819024342436
460020009485473,356940052345136
460020009486887,860393020005771
460020009495294,863719020130812
460020010042982,359901054717802
460020010309390,863020017714605
460020010309390,863020017714605
460020010531653,354236020028686
460020010847390,862372022274765
460020011104573,355021060520548
460020011104876,867523017890156
460020011234294,860308021796798
460020011843454,864796020157515
460020011844313,359786055124441
460020012150082,863343028929933
460020012345176,864732020222488
460020012449342,862673020798063
460020012562197,864958020804633
460020012562460,869579012359355
460020012658896,869631012379857
460020012660279,868793010068956
460020012957459,863507010032969
460020012960705,867122019569924
460020013064380,862967025995520
460020013163718,863380020265650
460020013224955,865174023059584
460020013356538,860366021728575
460020013363824,865589023789585
460020013447717,351888063157161
460020013546008,865198028945646
460020013556049,351888064030169
460020013561112,860618020092746
460020013561477,860475021208817
460020013561941,864058020301514
460020013665123,866125028700274
460020013666925,869718015081927
460020014036168,863984020899150
460020015062208,864076020019126
460020015063701,863092023223210
460020015163119,863516023243992
460020015164050,863516023208235
460020015363101,864260027196679
460020015368212,865407013311759
460020015369301,864958020772020
460020015450527,865418022781239
460020015657748,864318021929964
460020015663097,862346020309484
460020015720827,357806049760522
460020015766692,867459010136638
460020015766964,864545023180630
460020015859059,865180028402034
460020015866225,869567014342818
460020015866225,869567014342818
460020015869714,865367024035740
460020015967564,359789050986590
460020015970213,860262021550285
460020015971579,865215011284823
460020016264914,864819021407927
460020016267733,352911066869118
460020016560036,865899028590841
460020016570348,862482020390214
460020016663252,862673020279973
460020016745133,860623024391243
460020016766061,862866520042152
460020016961965,865062014408789
460020017061287,867295002841177
460020017064942,864886020028210
460020017256650,866032023439082
460020017354154,863655020031396
460020017354338,869567012099758
460020017356650,865407016933450
460020017436413,868238015596791
460020017444664,864732020235449
460020017457407,863521020077567
460020017551852,867913017755865
460020017659545,868881019263072
460020017748749,863793026720306
460020018056455,864443020312309
460020018152764,866231022933711
460020018153949,864426020046936
460020018255788,864076020321464
460020018257039,863034024140241
460020018258473,863234027680876
460020018258473,863234027680876
460020018361260,863811019450663
460020018520444,354236020005700
460020018534407,863598020084926
460020018655452,863120026239287
460020018752879,867907000259653
460020018755595,860657020239022
460020018850054,860037020190923
460020018853043,868793010006493
460020018853832,863978020175439
460020018914269,362523432421371
460020018951188,864129020573814
460020019531126,862717020204349
460020019531280,864545023145252
460020019856080,357958053021752
460020019954036,864518021247370
460020020325084,353401063461274
460020020570319,865199022097798
460020021299685,359786055221221
460020021380394,860312024612226
460020021407502,861035020110262
460020021474978,863388021626747
460020021510524,864307020218719
460020022260456,865056027784046
460020022626520,862321026180502
460020022642862,863532020017313
460020022667043,861887000704245
460020022874012,355042801509723
460020022874667,352374058373203
460020022954566,356131054469229
460020023302944,865367011275531
460020024193197,860618020328157
460020024271897,865408018391416
460020024347452,863597020726361
460020024423672,861202022413926
460020024483452,352625063806200
460020024493404,355899140536869
460020024494034,863092028169913
460020024826497,860914101223195
460020024844644,359850055104272
460020025154101,354792050581192
460020025444220,012703007836567
460020025854849,357865050829279
460020026055341,865316021699271
460020026057778,860955024466140
460020026151398,869083010600548
460020026253765,861194021902886
460020026553150,355042901646839
460020026653116,865019023964038
460020026952840,862808020241462
460020026953977,860991020738182
460020027941361,860839019338425
460020028018597,359478056541910
460020028021177,864296001051860
460020028035494,862349010350047
460020028111865,353589056274702
460020028235544,864793024215027
460020028323919,353719059790806
460020028382987,860828010289315
460020028383276,862974020085117
460020028399058,356131057959408
460020028531687,860793017327437
460020028539853,863010025058111
460020028543524,862843021218201
460020028734720,357143046632771
460020028819352,863654027804103
460020028857456,867300018001665
460020028908758,860991025320036
460020028910067,866373010074192
460020028930004,863908027846476
460020028987046,863777020134564
460020029438527,865317028970129
460020029725954,864561010068449
460020029752983,865056026837837
460020029960767,353105040021636
460020030020349,861043022127748
460020030459772,863858020959729
460020030842874,860452022733440
460020031011614,358362047335809
460020031062300,863330026856796
460020031243960,860954028635453
460020031518694,869737000257102
460020031521570,869227010922481
460020031720151,862949022082262
460020031903279,863925022747855
460020031932709,865424028611073
460020031946715,865589029004278
460020031991024,860843020992501
460020031993769,863267020135290
460020032162728,354099030225290
460020032194508,860705021282929
460020032212613,352708060286301
460020032256445,862156020788854
460020032290480,862400020448980
460020032463164,867300018036141
460020032481203,868529010536786
460020032559771,863139010195024
460020032768589,869227010615879
460020032906336,865369024527973
460020033134166,864129020125003
460020033138096,863396023233198
460020033144718,865316017132345
460020033446319,864375024096688
460020033525497,864485021642408
460020033526532,862736023915750
460020033529937,865454024971643
460020033774894,861193020872959
460020035240418,867295003124045
460020035295143,868691019710638
460020036410072,864509010074347
460020036433114,861605010092348
460020036433753,863583028751015
460020036480563,865019027452048
460020036485597,359911051483100
460020036507251,863639020015039
460020036513396,355899140130770
460020036523537,863981028384649
460020036580858,865983022521364
460020037011810,864649010598976
460020037013728,864352014235311
460020037041784,865855021081360
460020037061066,862398710027488
460020037071800,866548010005743
460020037076455,861561014960263
460020037129545,359776050230012
460020037226050,862368010051572
460020037226050,862368010051572
460020037227109,863151027012407
460020037227923,860219020924481
460020037250875,863593020099776
460020037265779,865521015724312
460020037271271,865418026147122
460020037272921,869872010035352
460020037307556,358858054198568
460020037357286,869783010352236
460020037371491,860938020281960
460020038102896,864922021080056
460020038107105,352105064253769
460020038110211,868619010174314
460020038118070,864678024879536
460020038119060,865411026369929
460020038140167,867292010334659
460020038151819,865852029652573
460020038155491,865199010707324
460020038157764,868536001150766
460020038162372,863269830106024
460020038162481,865323024711202
460020038164437,863192010007780
460020038166722,359209028392599
460020038167851,865062020197228
460020038193438,354340055001467
460020038194625,352105066692808
460020038196352,865335023467362
460020038639613,865589022059105
460020038752497,866124011130284
460020038754049,862576027933288
460020038755264,864455020099140
460020038756655,860257022523778
460020038759337,869394015613760
460020038804857,862421024975554
460020038835080,863984024802754
460020038872263,357748050343733
460020038934910,865830027045933
460020038935969,862089022269773
460020038943545,860638020206062
460020038944906,864418010687944
460020039140949,862372020090817
460020039143834,860683022231155
460020039353425,354236020041689
460020039386797,358780710184719
460020039388134,863343028265577
460020039388363,352213060022467
460020039441099,352315056555499
460020039451055,863257020070837
460020039455604,860270020045256
460020039457862,866506020213590
460020039468547,866503010620708
460020039471434,865372023156828
460020039473072,861887001188885
460020039473072,861887001188885
460020039474109,863052010018239
460020039475710,865070010986195
460020039476350,864948020082272
460020039481288,865786028914461
460020039510232,358021059548747
460020039518671,865479025897216
460020039530206,869783012813003
460020039533078,864981023716497
460020039533352,866645010226363
460020039533704,357143047761744
460020039533704,357143047761744
460020039533704,357143047761744
460020039800387,864974020347549
460020039803659,359638059951487
460020039803674,865335029765736
460020039804397,863777023453581
460020039807503,355848060976894
460020039809331,356205051792286
460020039836130,862346020500736
460020039939180,862659020154027
460020039992647,862288010063856
460020039995742,861887001620291
460020039997225,352388010377531
460020040121833,864545024410416
460020040143978,868814011032914
460020040147885,865062015466117
460020040149461,864452020123848
460020040149549,862695010179897
460020040205474,860991023433963
460020040290869,865536010082276
460020040293784,868240010875097
460020040293890,868793010020130
460020040375960,356394053097728
460020040381648,860139020693888
460020040394653,864678025724715
460020040397537,868440010192580
460020040398240,862108010479374
460020040399783,862653021292241
460020040466040,864794011733386
460020040466040,864794011733386
460020040481186,863278024074088
460020040485924,866361025341453
460020040488698,865763028442389
460020040518569,862098026883968
460020040536550,864732020206739
460020040542448,864149002692044
460020040543812,862674010595550
460020040545406,862674010555091
460020040620173,869872010074294
460000000000000,863593020205852
460000000000000,864518021857798
460000000000000,864520021442241
460000000000000,864566024243391
460000000000000,866125020524672
460000000129847,357070053771954
460000000210282,860505023066944
460000000359333,864687012616735
460000000381889,863598020631502
460000000462781,357806046192158
460000000588160,868640010183261
460000000596416,865589026700431
460000000599358,864981029512510
460000000626376,863592020006161
460000000859197,864264024235423
460000000939911,864674013132607
460000000947630,866361024366600
460000000959896,868536001834658
460000000988028,865026020272968
460000000998152,860850020557606
460000001261117,863598020159033
460000001642958,864463000243852
460000001833602,861769007496670
460000001920890,862740020516470
460000002129675,864691028224195
460000002348816,355065058160486
460000002364396,864485021497100
460000002368836,355848060480418
460000002747275,867488011263984
460000002815326,864960020063681
460000002819832,865786020334288
460000002949810,861022009927254
460000002950987,864178020703558
460000003123266,863908024049991
460000003129915,863738025151029
460000003244779,865422024934754
460000003253387,353405061276311
460000003489105,865316021541994
460000003644050,460000003644050
460000003830043,355066060161017
460000003830913,864892026923016
460000003831646,864855023618145
460000003832493,352443060110919
460000003834777,866298028394040
460000003843346,863523020842875
460000003843562,357457047120390
460000003846835,866068024199721
460000003847432,864693023808147
460000004120198,864981022455444
460000004207570,862343022533625
460000004240371,863353020307756
460000004254759,864001020020890
460000004304937,358394040025657
460000004359644,353925060829646
460000004359644,353925060829646
460000004454518,862108010593307
460000004587016,355762051261762
460000004764943,355795058157682
460000004834292,868440016951351
460000005309527,355859056943038
460000005565630,357434052394673
460000005567159,863583020169752
460000005592111,860992021787046
460000005635594,359236040707090
460000005648728,004402451489169
460000005657916,355509812987247
460000005658301,359478051456247
460000005670729,865136020669152
460000005682689,860991024104605
460000005711001,869870010298160
460000005724448,865293020893140
460000005727575,355369050310648
460000005732711,862555023035785
460000005738827,866032020833097
460000005740192,864391010072419
460000005755278,352107067031622
460000005755626,863536024008972
460000005764196,868153000142297
460000005774900,865568025792326
460000005786148,864958020861120
460000005794600,865983023377915
460000006252536,357504054088422
460000006268967,863184024071936
460000006274028,356205055420496
460000006274898,864855024923577
460000006281182,863777028981727
460000006282012,354192060413975
460000006285749,865175023292901
460000006290586,352621063135708
460000007136691,860308029521040
460000007251733,354666055419824
460000010113694,354785051021721
460000010117428,359538056093764
460000010141962,862095023950121
460000010171056,863673020012506
460000010181470,356899056350700
460000010194723,359549051990672
460000010204539,357555053652824
460000010312945,357745052917100
460000010426516,355858760121659
460000010428507,860225020257467
460000010428507,860225020257467
460000010428545,865528025198536
460000010432293,357143046862287
460000010437499,354500100030098
460000010443616,354236020010734
460000010443616,354236020010734
460000010452625,865479025367681
460000010458466,356405056238935
460000010520000,868232002232643
460000010526497,860843020262434
460000010574053,865182020396594
460000010574714,355372067010052
460000010630447,359786050658153
460000010849340,868238010250428
460000010888881,863924830035397
460000010888881,863924830035397
460000010990625,862186025709522
460000011392785,860228025190436
460000011398868,865700022479876
460000011589313,865175029639659
460000011610588,869610010651277
460000011629940,860923021192499
460000011667900,864504021510223
460000011690364,353771050297778
460000011877709,863008010020955
460000011915642,357558050746524
460000011947633,861092020037821
460000012207260,865316022976983
460000012329702,865019029293507
460000012368592,863120026029464
460000012766331,863623020079229
460000012800824,359850055834357
460000012860041,869366000509997
460000012864953,358407020160383
460000012865846,358858058277533
460000012913621,861200300252768
460000012915980,863777025919324
460000012933569,862000010243779
460000012943419,353285065589228
460000012945367,864690024255617
460000012957968,861300300789072
460000012964757,862626580001914
460000012975300,355299052187647
460000012982199,868197018663653
460000012985552,864063013451730
460000013142334,861022001517715
460000013144444,864981021850728
460000013246405,359786058623878
460000013466385,867064016584821
460000013481626,865855023291884
460000013782266,869850010496972
460000013814341,860308022029306
460000013819412,863970024416703
460000013820156,865372029597157
460000013820211,865737021458642
460000013820732,863982020107350
460000013821890,357457046390879
460000013822219,864922022360473
460000013823959,357457049105548
460000013825099,864387021045709
460000013825347,864299028056920
460000013825844,352105064593511
460000013826240,359028116213073
460000013827811,354779061287224
460000013831535,863590011128259
460000013831686,357457046835113
460000013832605,865666020534741
460000013834300,352956067491636
460000013834721,865852023609694
460000013835181,352956067241692
460000013835233,865786020019483
460000013836907,866032021504333
460000013836995,865644021280184
460000013839175,865473020374289
460000013839925,865852025258813
460000013845108,866051026938049
460000013845887,865743021442487
460000013848724,357457044238179
460000013913663,868646011097095
460000014331089,355341051084530
460000014377137,860156010032315
460000014458113,863655000698727
460000014825447,357522053624344
460000014839875,356524055167737
460000020113924,863598020132394
460000020115984,862258280070807
460000020122431,860485024892434
460000020141349,864545020056437
460000020144394,864891024616952
460000020147945,359786056693725
460000020156500,865712025126982
460000020173363,863598020671359
460000020187686,355065056462710
460000020192077,860914101259822
460000020196978,863170027867743
460000020246245,863170020091424
460000020311012,867017010003081
460000020336396,869201300059544
460000020347687,863164020994703
460000020369129,356260058836735
460000020435823,863235013468127
460000020439434,868793010063080
460000020440740,860763028050278
460000020460664,868793010054709
460000020460772,355637052836731
460000020487248,864264029321467
460000020548909,861802930202525
460000020658494,864649010675824
460000020769658,357238057974706
460000020774622,352123063023281
460000020828360,355867054084705
460000020836163,359538051647416
460000020844789,868456010080146
460000020852710,354273058013009
460000020855811,357177050917835
460000020991079,862402021054460
460000021265506,860308028435754
460000021270217,864649011853974
460000021322477,864674012805070
460000021347188,359544058606157
460000021675193,358585050430550
460000021689078,355369053370243
460000021693967,861022006438677
460000021774422,861344024205817
460000021853457,866870010058351
460000021865193,863598020402284
460000022108530,358343044314310
460000022241593,865938000194808
460000022657748,868793010048230
460000022687194,353986054113058
460000022747352,864737019540311
460000022768296,868536000404545
460000022931375,860310025666191
460000022943966,860843022777785
460000022960130,865136023130624
460000022962229,355201261743954
460000022965250,354402057094500
460000022968579,99000522132711
460000022970128,864837024929531
460000022972984,865674026429502
460000022980381,862028025148535
460000023214174,864312029327800
460000023220123,864485021557150
460000023496735,862096021290635
460000023537509,860671024251776
460000023555831,355637051894343
460000023560472,353058053561180
460000023591273,868772012197922
460000023613076,865411024410576
460000023664756,353058055718135
460000023673630,862339010012987
460000023772750,866373010975559
460000023814292,863213029307332
460000023819767,357513052984862
460000023821095,865407013260659
460000023821765,358584059627993
460000024314011,356131053154319
460000024363366,356205059973607
460000024368963,354707043582602
460000024547944,355533054370615
460000024652315,868188011511478
460000024753602,864318020950011
460000024764385,864264025086684
460000024770377,356131056357216
460000024845230,358095051517298
460000030113591,861344021085071
460000030249994,352204062626710
460000030314153,356534057991208
460000030357736,864063012744721
460000030422386,866266016985020
460000030422826,116192005010760
460000030424027,864678026000230
460000030425681,861875019253403
460000030440040,865525020036372
460000030442411,863380020386498
460000030448220,354273058577755
460000030463758,863034020086208
460000030502998,351710056406159
460000030637234,356000050690767
460000030769013,866415010640889
460000030841366,359924053986368
460000030894087,865700025267096
460000030896754,863323020145225
460000031192806,352343056262221
460000031199629,358533044136388
460000031269503,864819025828136
460000031454241,358407020164765
460000031471863,354376062525924
460000031564333,358401052880505
460000031637673,868529010542115
460000031658319,867747011996319
460000031659268,355891050735888
460000031673727,863475020020731
460000031674273,352514063656049
460000031681411,352605058808692
460000031683673,868034010796423
460000031697395,864805029872568
460000031821538,869736015587057
460000031829099,864600010229239
460000031840549,864375020152220
460000031842485,860923024509830
460000031847651,861999007975239
460000031857355,860955020857573
460000031877622,862949028717724
460000031878911,863323021416625
460000031884271,863358020121214
460000031889255,868440012298567
460000031891915,358142031114489
460000031892429,862010027120217
460000031892512,863323021255312
460000031895754,863178027227453
460000031895774,862673021013892
460000032244682,862040020802800
460000032249838,865198028368724
460000032339739,863061024523639
460000032358748,864855016830327
460000032399111,863005023859767
460000032610490,868536001435563
460000032644779,863598020096813
460000032650198,869693010045949
460000032650423,356260056740145
460000032667781,862191014410637
460000032670518,866477010121955
460000032674395,863598020643416
460000032694294,357656051507000
460000032697642,864312023426574
460000032697678,863413021372884
460000032717885,357163057573524
460000032856171,863121028679470
460000033494507,355584054566017
460000033585506,866229026767416
460000033810150,864545024957093
460000033813862,864518021223009
460000033825715,354192060538078
460000033827369,353745060706945
460000033839022,865206020437114
460000033839238,863517026718303
460000033880774,860218020036395
460000034250385,352493060463123
460000034251019,352956062297509
460000034255491,865369026080955
460000034326128,864076020004466
460000034335309,864545021098834
460000034342404,869394013040636
460000034350633,357513059608175
460000034364532,864312024663407
460000034376111,356405051358894
460000034384319,863577022585890
460000034389142,862288010061763
460000034392218,863120022004396
460000034431853,352734062201536
460000034440405,865407012185170
460000034677489,864312026412993
460000034718958,860923023478441
460000034746460,353627050361057
460000034775008,354963057183502
460000034794680,359235043329829
460000034795052,354286053004856
460000034949973,860486029506045
460000040355337,862265020137069
460000040371767,865625020110266
460000040380756,864350015465358
460000040383451,355795059913497
460000040383451,355795059913497
460000040394696,865899029655486
460000040415004,865737021880589
460000040424485,358095053786792
460000040431470,863180020098535
460000040431470,863180020098535
460000040477027,862096023252146
460000040514716,861160023934615
460000040517207,353930050217091
460000040534135,354963051838564
460000040537156,861213026027802
460000040538663,863216022695660
460000040665014,864485021195035
460000040723701,862980010351856
460000040732374,357063051376967
460000040733288,004402451575983
460000040749636,865175025532338
460000040767670,355052001726191
460000040770833,860991023480006
460000040775292,863592020117372
460000040784981,863598020025671
460000040790468,004402452569373
460000040846971,865989011959291
460000040859351,864778010211411
460000040860807,862635023145683
460000040863087,869783013511028
460000040871783,864706013411761
460000040872622,865675027242372
460000040875281,864678026350866
460000040877913,868822010016135
460000040878984,358600050399760
460000040984725,359652052281362
460000041119464,865589026678496
460000041162085,355341051060704
460000041268061,864653001530402
460000041285886,860991020333778
460000041391747,353596050242486
460000041486456,868238010671623
460000041586891,864958020753814
460000041649447,352265054456085
460000041652022,357159050997157
460000041652279,866032024668952
460000041818131,861070020005915
460000041820378,865479021325709
460000041821647,865028014663079
460000041829194,861017020360733
460000041838753,865056023376177
460000041838773,864981021019985
460000041851808,865899020254750
460000041852208,862348022161962
460000041854248,865881023469148
460000042206980,866001027278986
460000042211927,353405061860676
460000042242361,353844052439951
460000042243110,860955023564473
460000042339319,862742011541061
460000042342037,862011022047173
460000042357292,352911060083831
460000042374345,864555020009116
460000042397814,862915360071027
460000042613836,860843021802519
460000042616110,355964030120792
460000042625889,867295002610549
460000042636646,863120026074114
460000042650251,863655027176418
460000042651668,867812010293124
460000042652055,861800002979202
460000042652610,864693020665862
460000042657557,866330025053517
460000042658328,864600010199818
460000042765635,862267020411270
460000043238026,865854022182558
460000043248830,861999008757701
460000043315817,863029022355767
460000043429772,359901059041687
460000043464492,864595025433248
460000043498202,355042901657737
460000043500926,863523020586712
460000043503549,357513053573854
460000043524360,353726063984507
460070135195725,863511010526145
460070155245241,097896914898666
460070448923550,351179252972473
460070643112885,350366670399386
460070686292997,359503454793845
460071518820609,353386263293017
460071779841134,354737576111016
460072574940786,354653310797764
460072682767648,865010003936062
460072945818272,352113059847611
460073174698346,351980286071855
460073832490411,864472014152777
460074290991667,355860463816551
460074936132239,358366214292107
460075003910398,864668020074901
460075010000592,864442020693585
460075010130868,868309000259909
460075010539733,862726014123126
460075010632538,861522010728898
460075010632538,861522010728898
460075010736768,357507050038903
460075010739976,864178022362064
460075010831485,867247015843435
460075010832235,864502024046468
460075019977951,354387239148862
460075025902180,359776050330093
460075026207180,862156020269269
460075026400398,865594022430678
460075026700380,867585011047687
460075026800208,864892022342856
460075026903536,866342010178183
460075029706665,865092021796645
460075043001334,868238011058184
460075043004136,862010024960409
460075043007991,355446061081960
460075053014587,864237000250756
460075053023265,868536001861958
460075053025627,866578000720480
460075053109569,864616022303380
460075053181158,359357058004558
460075053202234,863990021104326
460075053210034,860494020064790
460075053260770,867840001906677
460075053261773,862482020438757
460075053262236,865813020431318
460075053266017,865198021838293
460075053269244,864375027568550
460075053269683,865675027836801
460075053370047,865703029473488
460075053401204,353401063078540
460075053403283,865163025505769
460075053421888,869394012192396
460075053422213,863482020168312
460075053427029,864178020227129
460075053428629,864891020515372
460075053569695,866299026336330
460075053626326,864285020026557
460075053660542,863151025907475
460075053660612,862156020513997
460075053662405,862968020451162
460075053665160,864730013906356
460075053681052,864630020025150
460075053825296,864723000327962
460075053829314,865217020498246
460075053830259,352751019523267
460075053831522,865198020164535
460075053832752,860945029070823
460075053834504,865757025085324
460075053835802,862273020096087
460075053837228,863463011332596
460075053840100,861605010128878
460075053840232,358905053566046
460075053845248,862899020180156
460075053847524,35236905420615
460075053983967,864654020389390
460075054025486,863177021411915
460075054050426,861203020420384
460075054052633,863256020052506
460075054063045,864502024857641
460075054091039,862653021462844
460075054139230,860852020365527
460075054140328,862594029557732
460075054150697,865453020463787
460075054151904,864502020780813
460075054151928,863793022108464
460075054152845,863671020310649
460075054153569,863548023193661
460075054157289,866373011679010
460075054160726,863205022641964
460075054162999,865092023459457
460075054164010,864353011283460
460075054169339,865712028378218
460075054202493,864616025900364
460075054205070,860310020827228
460075054205595,864447020238471
460075054212931,867295002664512
460075054219734,860806027722288
460075054225278,864616020974166
460075054227407,861203020257315
460075054229420,864616024537209
460075054230349,865180026013585
460075054233260,868580011387950
460075054235886,359538052572266
460075054244473,865411026678733
460075054245928,356558310134306
460075054250649,359901055628933
460075054254676,864011021716990
460075054260392,862075023119232
460075054260421,863278025118223
460075054264411,864727020056019
460075054266492,351888069603770
460075054267620,860228025767837
460075054275568,355509812975549
460075054280515,865418027941945
460075054285890,867439010045971
460075054372554,865757024812819
460075054378469,861769009619543
460075054379576,861722060197123
460075054379676,869892010552412
460075054382636,863802018244371
460075054535040,865180026544852
460075054535040,865180026544852
460075054549008,861800004015799
460075054553247,862323021077659
460075054554725,865645020803884
460075054555200,864350020111146
460075054557079,355882059409708
460075054558686,863332023757936
460075054560312,865199020900258
460075054560817,865411022513009
460075054560893,359357057515562
460075054562960,865308021170429
460075054563247,357177055172204
460075054563596,866032022175380
460075054563596,866032022175380
460075054563973,352625062303712
460075054564619,865411025901516
460075054566151,867931011614318
460075054569383,862593020828548
460075054573728,863654029075231
460075054575875,860923020449478
460075054577076,865180029181868
460075054578286,863777029435988
460075054585983,862688026396191
460075054585983,862688026396191
460075054588240,864510027997660
460075054590882,865180021372978
460075054594157,357512059697451
460075054671875,861130020184977
460075054671894,863925028196859
460075054674354,861290024245727
460075054675440,863323021040383
460075054677067,868536001846132
460075054858039,863811012584484
460075054859123,359631052212346
460075054860198,864925020011618
460075054862307,869227010504271
460075054872618,352736061201128
460075054883410,863719020448727
460075054886014,865092021799243
460075054886353,869227010944030
460075054890444,865198020379349
460075054898735,863655022481995
460075054903344,863121022455331
460075054917653,864961020611594
460075054918796,864551010167176
460075054926686,862719025131683
460075054931056,862968020129008
460075054934342,863177027950080
460075054946206,352709000200410
460075054954291,353405065534772
460075054964285,865700026162346
460075054967737,864452020037840
460075054973865,862736020211955
460075054976213,863077026841639
460075054983157,860938020673281
460075054985926,863030020177625
460075057401085,359627051703160
460075058302389,869718015098384
460075058302669,864960021092648
460075058305821,864418020710082
460075058307967,864318027876235
460075058308494,864910020350422
460075058409782,863151023873919
460075058509869,862095024466820
460075059040367,858635000212882
460075059047552,860842025383997
460075059071569,864279022630508
460075059073247,868326000609107
460075059074331,358584053412608
460075059078537,354793059971939
460075059082783,860105012904898
460075059082820,864793029937468
460075059087157,356833053996801
460075061033350,866022012012578
460075061045441,863918020240551
460075061047025,867295002298352
460075061047809,863247020619436
460075061049827,864213020113373
460075061052809,863723020252477
460075061053431,867741000165705
460075061055265,868240010495433
460075061056592,862359022712001
460075061065383,866477010313628
460075061065970,867295001882040
460075061066983,460075061066983
460075061067991,865772013166465
460075061068174,352621062899635
460075061068626,863741020257684
460075061111370,866194015515657
460075061121529,863865921381663
460075061168265,864607010102116
460075061277180,865198028830616
460075061277320,869227010501012
460075061296878,864441027648329
460075062292867,860923027353301
460075063143974,359796049251754
460075063157137,864693023153908
460075063164000,863990029683230
460075063164131,866514000193998
460075063165552,860813023042281
460075063171767,864147023652062
460075063171969,864147023677366
460075063178580,352248062441992
460075063178896,863738026495987
460075063204508,356205050281083
460075063206019,358584059479726
460075063211235,865198020432445
460075063217306,864472010663003
460075063289746,860070022233789
460075063356405,863990023493354
460075063368768,355964030001810
460075063480542,864375023446686
460075063482919,864886020049471
460075063487226,860484020382219
460075063571179,865682028165651
460075063571552,355287261908754
460075063616421,863377022966764
460075063616548,865411022198124
460075063616920,355994054546341
460075063618768,358836010034311
460075063629892,357070056054127
460075063633120,864394026684946
460075063641480,863814020596128
460075063642729,862719023048442
460075063643314,863010029710154
460075063644253,864182026324641
460075063645073,862683010756096
460075063653324,355066062429628
460075063664001,864030022142600
460075063666865,864501026051294
460075063670652,860156010015500
460075063673961,864616024951384
460075063674023,864559020093951
460075063675614,863877020112485
460075063677208,862594028590023
460075063679367,862029023747898
460075063681189,862296022204722
460075063684406,864182028533058
460075063685442,869227010704145
460075063694912,863207020572712
460075063695454,862326023611359
460075063696091,860866010098575
460075063698962,867801010239195
460075063742091,862739021093299
460075063744140,861118024525311
460075063748417,864375021720074
460075063754188,864426020886232
460075063756879,863360029609736
460075063757884,863990028723607
460075063758553,865056025749884
460075063778554,865829026496394
460075063795823,865854022090835
460075092111941,862725021204580
460075092113262,864674011809370
460075092113567,865567027518796
460075168506217,865854023876802
460075168506217,865854023876802
460075168519778,352746065640106
460075168701932,865217020414870
460075168703310,864260024585262
460075168707282,864186020729952
460075168709052,863151023749341
460075168800271,357036051098666
460075168809429,864375029543130
460075170421480,863536024138944
460075170421932,866078019494839
460075170422051,868400010501289
460075170423230,860999025360423
460075170428629,351800055010274
460075170430916,863592020085892
460075170431893,865299010394965
460075170435021,862675026700118
460075170435348,865666020430312
460075170436352,866211011890155
460075170437703,864248029830791
460075170439722,865370010171754
460075170442267,863205025331340
460075170516670,864693022283888
460075170555147,865372022672049
460075177958607,864586020162569
460075177959727,864958020798116
460075177968472,359789051882640
460075177969252,863323021454717
460075241594383,355781948696444
460075268002451,354402052586906
460075268102824,863738023890123
460075268405208,863890026721134
460075268407929,358584059487281
460075268408708,359478051070840
460075268500751,864678020649362
460075268504750,864182027317552
460075268504781,862845027196802
460075268505356,864545024053646
460075268600158,359631050227064
460075268601589,868536000544985
460075268607166,860954022796848
460075268808388,354054022333057
460075285101232,867934010332338
460075285104798,865002026003459
460075285105108,863718020061662
460075390810884,866124011937597
460075390812987,864819027332475
460075390815769,865299010396598
460075390816533,863598020013933
460075390823203,869300011237587
460075390824705,358520130010999
460075390825270,863294020121666
460075390825533,864895022786154
460075391791476,861372020132594
460075391792013,865308023968440
460075391793158,357748059303464
460075391793693,869300013210178
460075391795109,865855025550675
460075391801568,864620020618203
460075391803731,356425065700014
460075391825299,863920140055778
460075391828734,861826011627524
460075392101237,861602008046543
460075392102222,863571020255572
460075392102966,864706019005104
460075392103043,864678021016306
460075392200024,865411023622023
460075392200024,865411023622023
460075392204304,866032028328801
460075392320948,864891021662843
460075392324016,862175000371085
460075392325539,860646025861948
460075392325539,860646025861948
460075395319146,865772013174972
460075396006945,351794064119947
460075396008323,867064010769329
460075396010584,862594025388033
460075396901384,863419020427223
460075398304783,869241003383882
460075398309469,860457023572572
460075398313120,356205059431937
460075398314479,863205023652713
460075398315661,864085028324545
460075399001666,355795051094221
460075399050977,861232010067327
460075399092211,862421022438563
460075399093870,864485021336621
460075399118494,863120024169312
460075399182572,864793029402323
460075399273142,865763024099092
460075399298903,862971018517283
460075399410404,865817010243609
460075399591529,359627052651764
460075399592551,862100020157181
460075399635562,352625062505597
460075531005992,357143041836351
460075531006280,352105067391699
460075531008951,351888061975671
460075531009623,359650052447546
460075531017310,866211019917323
460075531018746,865316020362475
460075531020614,864590024424678
460075531023342,865198027998943
460075531023853,860963020924484
460075531028412,357748050077695
460075531031466,865198028489090
460075531031607,865316023162229
460075531035812,865454024460662
460075531036400,863431020623628
460075531038391,355060060864720
460075531038484,359776054811346
460075531044296,867946610081509
460075531044460,864093029678521
460075531046924,865589023226653
460075531047356,864616029004254
460075531048023,865013027280517
460075531048716,356456053486662
460075531049001,865854029188756
460075531050064,865855024660228
460075531050098,865528020056200
460075531050415,863377024606277
460075531051115,863671020407114
460075531051995,865168020712492
460075531052042,351888063247657
460075531055707,863165023639120
460075531055707,863165023639120
460075531056274,358851058437702
460075531056523,863082022213254
460075531056540,866001023305734
460075531058697,359627054458325
460075531059240,864182027272153
460075531060300,864011021706975
460075531061086,865830026687685
460075531061559,357959055751057
460075531063606,352625062718273
460075531067373,863360029173915
460075531068018,864616027414646
460075531074203,862289020028219
460075531074574,863811017190261
460075531076625,352107068664041
460075531077351,864426021158672
460075531083292,863034024228475
460075531085899,863799028201096
460075531085959,864678022701351
460075531086553,858635000227641
460075531086878,359911053572413
460075531091344,865451020062765
460075531096186,864131020100358
460075531098410,351888066282248
460075533054368,863777025803742
460075533065729,862029020735383
460075533073552,863510020203760
460075533074650,864452020004600
460075533074749,863583027036855
460075533074805,863151029894141
460075533074927,860654020304690
460075533086045,358858057650078
460075533088728,865630028766812
460075533093731,355480980059088
460075533096036,864620023255185
460075533097524,861203020298467
460075533099161,860612020491255
460075533099286,869012011289407
460075536090343,863380020219939
460075544071932,864085025127271
460075544074279,864510024605456
460075544078706,865567029693126
460075544078764,866125023521782
460075544079103,864693020365257
460075544079617,865002027455807
460075544083484,865666020736148
460075544086224,865157020393908
460075544086444,868580011352418
460075544087542,864098022119837
460075544087601,864620025773011
460075544088127,864098023397069
460075581400772,460075581400772
460075582900560,864279021306316
460075584303748,860271026155941
460075584304675,865658021252142
460075584306024,861800005810818
460075584401974,866335013005908
460075584406266,865056020266157
460075584700460,352248062496350
460075584709557,867371000009586
460075584801845,863597020303088
460075584901257,869783012768470
460075584905886,862156021262354
460075584909476,864690027468787
460075584911098,865056020689572
460075584915409,359650053019062
460075585005659,863484024005524
460075585009271,863165027747713
460075585503197,863533010288831